2147483647C
57909 2
961 1
474 1
479 1
321 1
493 1
4889 1
10981 1
10981 1
39243 1
2959 1
4001 1
4001 1
35224 1
36591 1
23792 1
36518 1
6240 1
4886 1
5910 1
8305 1
6275 1
2770 1
2825 1
3322 1
3331 1
3326 1
3331 1
3328 1
3324 1
3326 1
3329 1
1360 1
2767 1
1510 1
2774 1
1613 1
2742 1
1613 1
2738 1
1613 1
2742 1
1613 1
2740 1
1613 1
2746 1
1613 1
2739 1
1613 1
2741 1
1615 1
2743 1
1654 1
1615 1
2741 1
1615 1
2732 1
456308 1
1615 1
2750 1
1538 1
2638 1
1538 1
2634 1
1538 1
2636 1
3549 1
3246 1
1632 1
1721 1
1642 1
3296 1
1642 1
51204 1
2575 1
2466 1
1642 1
3341 1
2713 1
2471 1
1642 1
2466 1
1642 1
2471 1
1642 1
2471 1
1642 1
2807 1
2708 1
2746 1
2769 1
2696 1
2715 1
2471 1
1642 1
2627 1
2744 1
2741 1
2471 1
1642 1
2915 1
2471 1
1642 1
4174 1
3137 1
2471 1
1642 1
2644 1
1642 1
2466 1
2667 1
2471 1
1642 1
2882 1
2914 1
1642 1
2466 1
2471 1
1642 1
2882 1
2585 1
7234 1
2629 1
2597 1
6377 1
2532 1
3115 1
2593 1
2677 1
3448 1
3018 1
2777 1
2798 1
2844 1
2587 1
2466 1
1642 1
2997 1
3321 1
2615 1
2466 1
1642 1
2597 1
2653 1
